900000
900000
1125000
495000
636795
465000
495000
495000
540667
600497
617304
660000
685163
510000
525000
528000
1737500
540000
556000
585000
465000
690000
837500
465000
585000
585000
775000
578513
1350000
540000
540000
1350000
775000
882355
1797000
527000
767313
850000
2746000
587305
1750000
2750000
715950
1168270
1350000
2675000
2250000
2612746
739243
936960
669114
8617167
615000
1056142
1193743
4375000
5583333
6750000
999999
7458333
7458333
601250
943396
1219336
8900000
5562500
5583333
5381000
9000000
7050000
